<?xml version="1.0"?>
<opencv_storage>
<globalPoints_x>-2.4319159984588623e+00</globalPoints_x>
<globalPoints_y>-2.5191900730133057e+00</globalPoints_y>
<globalPoints_z>2.3626544475555420e+00</globalPoints_z>
<preBallPoints_x>-2.3968126028448058e+00</preBallPoints_x>
<preBallPoints_y>-2.7665454444135866e+00</preBallPoints_y>
<preBallPoints_z>2.2484561140254771e+00</preBallPoints_z>
<globalPoints_x>-2.5693063735961914e+00</globalPoints_x>
<globalPoints_y>-1.4372117519378662e+00</globalPoints_y>
<globalPoints_z>2.6386051177978516e+00</globalPoints_z>
<preBallPoints_x>-2.4426641659265731e+00</preBallPoints_x>
<preBallPoints_y>-2.4394231737625693e+00</preBallPoints_y>
<preBallPoints_z>2.3910009845751281e+00</preBallPoints_z>
<globalPoints_x>-2.6030716896057129e+00</globalPoints_x>
<globalPoints_y>-1.2461853027343750e+00</globalPoints_y>
<globalPoints_z>2.6554934978485107e+00</globalPoints_z>
<preBallPoints_x>-2.6036168361017475e+00</preBallPoints_x>
<preBallPoints_y>-1.2052061940440688e+00</preBallPoints_y>
<preBallPoints_z>2.7050022342096192e+00</preBallPoints_z>
<globalPoints_x>-2.6379911899566650e+00</globalPoints_x>
<globalPoints_y>-1.0162937641143799e+00</globalPoints_y>
<globalPoints_z>2.6764755249023438e+00</globalPoints_z>
<preBallPoints_x>-2.6197510343339330e+00</preBallPoints_x>
<preBallPoints_y>-1.1206364771804433e+00</preBallPoints_y>
<preBallPoints_z>2.6865072888955566e+00</preBallPoints_z>
<globalPoints_x>-2.6708166599273682e+00</globalPoints_x>
<globalPoints_y>-8.1454217433929443e-01</globalPoints_y>
<globalPoints_z>2.6840138435363770e+00</globalPoints_z>
<preBallPoints_x>-2.6509790048833795e+00</preBallPoints_x>
<preBallPoints_y>-9.2962892951822385e-01</preBallPoints_y>
<preBallPoints_z>2.6877041520156042e+00</preBallPoints_z>
<globalPoints_x>-2.6527583599090576e+00</globalPoints_x>
<globalPoints_y>-9.1834539175033569e-01</globalPoints_y>
<globalPoints_z>2.6882493495941162e+00</globalPoints_z>
<globalPoints_x>-2.6550590991973877e+00</globalPoints_x>
<globalPoints_y>-9.0375638008117676e-01</globalPoints_y>
<globalPoints_z>2.6889398097991943e+00</globalPoints_z>
<globalPoints_x>-2.6578717231750488e+00</globalPoints_x>
<globalPoints_y>-8.8592272996902466e-01</globalPoints_y>
<globalPoints_z>2.6897609233856201e+00</globalPoints_z>
<globalPoints_x>-2.6611847877502441e+00</globalPoints_x>
<globalPoints_y>-8.6491751670837402e-01</globalPoints_y>
<globalPoints_z>2.6906960010528564e+00</globalPoints_z>
<globalPoints_x>-2.6649854183197021e+00</globalPoints_x>
<globalPoints_y>-8.4082531929016113e-01</globalPoints_y>
<globalPoints_z>2.6917243003845215e+00</globalPoints_z>
<globalPoints_x>-2.6692585945129395e+00</globalPoints_x>
<globalPoints_y>-8.1374090909957886e-01</globalPoints_y>
<globalPoints_z>2.6928229331970215e+00</globalPoints_z>
<globalPoints_x>-2.6739881038665771e+00</globalPoints_x>
<globalPoints_y>-7.8376811742782593e-01</globalPoints_y>
<globalPoints_z>2.6939666271209717e+00</globalPoints_z>
<globalPoints_x>-2.6791567802429199e+00</globalPoints_x>
<globalPoints_y>-7.5101870298385620e-01</globalPoints_y>
<globalPoints_z>2.6951272487640381e+00</globalPoints_z>
<globalPoints_x>-2.6847462654113770e+00</globalPoints_x>
<globalPoints_y>-7.1561104059219360e-01</globalPoints_y>
<globalPoints_z>2.6962747573852539e+00</globalPoints_z>
<globalPoints_x>-2.6907370090484619e+00</globalPoints_x>
<globalPoints_y>-6.7766880989074707e-01</globalPoints_y>
<globalPoints_z>2.6973764896392822e+00</globalPoints_z>
<globalPoints_x>-2.6971094608306885e+00</globalPoints_x>
<globalPoints_y>-6.3731974363327026e-01</globalPoints_y>
<globalPoints_z>2.6983985900878906e+00</globalPoints_z>
<globalPoints_x>-2.7038431167602539e+00</globalPoints_x>
<globalPoints_y>-5.9469437599182129e-01</globalPoints_y>
<globalPoints_z>2.6993050575256348e+00</globalPoints_z>
<globalPoints_x>-2.7109177112579346e+00</globalPoints_x>
<globalPoints_y>-5.4992514848709106e-01</globalPoints_y>
<globalPoints_z>2.7000582218170166e+00</globalPoints_z>
<globalPoints_x>-2.7183122634887695e+00</globalPoints_x>
<globalPoints_y>-5.0314497947692871e-01</globalPoints_y>
<globalPoints_z>2.7006194591522217e+00</globalPoints_z>
<globalPoints_x>-2.7260062694549561e+00</globalPoints_x>
<globalPoints_y>-4.5448654890060425e-01</globalPoints_y>
<globalPoints_z>2.7009484767913818e+00</globalPoints_z>
<globalPoints_x>-2.7339797019958496e+00</globalPoints_x>
<globalPoints_y>-4.0408131480216980e-01</globalPoints_y>
<globalPoints_z>2.7010040283203125e+00</globalPoints_z>
<globalPoints_x>-2.7422122955322266e+00</globalPoints_x>
<globalPoints_y>-3.5205870866775513e-01</globalPoints_y>
<globalPoints_z>2.7007436752319336e+00</globalPoints_z>
<globalPoints_x>-2.7506842613220215e+00</globalPoints_x>
<globalPoints_y>-2.9854550957679749e-01</globalPoints_y>
<globalPoints_z>2.7001242637634277e+00</globalPoints_z>
<globalPoints_x>-2.7593770027160645e+00</globalPoints_x>
<globalPoints_y>-2.4366529285907745e-01</globalPoints_y>
<globalPoints_z>2.6991012096405029e+00</globalPoints_z>
<globalPoints_x>-2.7682714462280273e+00</globalPoints_x>
<globalPoints_y>-1.8753784894943237e-01</globalPoints_y>
<globalPoints_z>2.6976301670074463e+00</globalPoints_z>
<globalPoints_x>-2.7773501873016357e+00</globalPoints_x>
<globalPoints_y>-1.3027885556221008e-01</globalPoints_y>
<globalPoints_z>2.6956651210784912e+00</globalPoints_z>
<globalPoints_x>-2.7865960597991943e+00</globalPoints_x>
<globalPoints_y>-7.1999646723270416e-02</globalPoints_y>
<globalPoints_z>2.6931595802307129e+00</globalPoints_z>
<globalPoints_x>-2.7959923744201660e+00</globalPoints_x>
<globalPoints_y>-1.2806885875761509e-02</globalPoints_y>
<globalPoints_z>2.6900670528411865e+00</globalPoints_z>
<globalPoints_x>-2.8055238723754883e+00</globalPoints_x>
<globalPoints_y>4.7197487205266953e-02</globalPoints_y>
<globalPoints_z>2.6863393783569336e+00</globalPoints_z>
<globalPoints_x>-2.8151755332946777e+00</globalPoints_x>
<globalPoints_y>1.0791636258363724e-01</globalPoints_y>
<globalPoints_z>2.6819286346435547e+00</globalPoints_z>
<globalPoints_x>-2.8249332904815674e+00</globalPoints_x>
<globalPoints_y>1.6925744712352753e-01</globalPoints_y>
<globalPoints_z>2.6767859458923340e+00</globalPoints_z>
<globalPoints_x>-2.8347837924957275e+00</globalPoints_x>
<globalPoints_y>2.3113328218460083e-01</globalPoints_y>
<globalPoints_z>2.6708621978759766e+00</globalPoints_z>
<globalPoints_x>-2.8447144031524658e+00</globalPoints_x>
<globalPoints_y>2.9346105456352234e-01</globalPoints_y>
<globalPoints_z>2.6641075611114502e+00</globalPoints_z>
<globalPoints_x>-2.8547134399414063e+00</globalPoints_x>
<globalPoints_y>3.5616254806518555e-01</globalPoints_y>
<globalPoints_z>2.6564712524414063e+00</globalPoints_z>
<globalPoints_x>-2.8647696971893311e+00</globalPoints_x>
<globalPoints_y>4.1916403174400330e-01</globalPoints_y>
<globalPoints_z>2.6479024887084961e+00</globalPoints_z>
<globalPoints_x>-2.8748726844787598e+00</globalPoints_x>
<globalPoints_y>4.8239588737487793e-01</globalPoints_y>
<globalPoints_z>2.6383500099182129e+00</globalPoints_z>
<globalPoints_x>-2.8850126266479492e+00</globalPoints_x>
<globalPoints_y>5.4579269886016846e-01</globalPoints_y>
<globalPoints_z>2.6277616024017334e+00</globalPoints_z>
<globalPoints_x>-2.8951802253723145e+00</globalPoints_x>
<globalPoints_y>6.0929268598556519e-01</globalPoints_y>
<globalPoints_z>2.6160850524902344e+00</globalPoints_z>
<globalPoints_x>-2.9053668975830078e+00</globalPoints_x>
<globalPoints_y>6.7283791303634644e-01</globalPoints_y>
<globalPoints_z>2.6032671928405762e+00</globalPoints_z>
<globalPoints_x>-2.9155645370483398e+00</globalPoints_x>
<globalPoints_y>7.3637348413467407e-01</globalPoints_y>
<globalPoints_z>2.5892548561096191e+00</globalPoints_z>
<globalPoints_x>-2.9257655143737793e+00</globalPoints_x>
<globalPoints_y>7.9984790086746216e-01</globalPoints_y>
<globalPoints_z>2.5739939212799072e+00</globalPoints_z>
<globalPoints_x>-2.9359626770019531e+00</globalPoints_x>
<globalPoints_y>8.6321240663528442e-01</globalPoints_y>
