<?xml version="1.0"?>
<opencv_storage>
<cameraMatrix type_id="opencv-matrix">
  <rows>3</rows>
  <cols>3</cols>
  <dt>d</dt>
  <data>
    8.1810576304306051e+002 0. 3.2052052855206534e+002 0.
    8.1908524358325360e+002 2.4712407835113839e+002 0. 0. 1.</data></cameraMatrix>
<cameraDistcoeff type_id="opencv-matrix">
  <rows>1</rows>
  <cols>5</cols>
  <dt>d</dt>
  <data>
    -1.7927473287823424e-002 1.1038357451112220e+000
    1.9800001420762401e-003 5.9575176162378765e-003
    -3.7981872443210731e+000</data></cameraDistcoeff>
<board_width>8</board_width>
<board_height>6</board_height>
<square_size>28.</square_size>
</opencv_storage>
